4 5 4 0 0 0 0
4 5 4 -4 0 0 0
4 5 4 -8 0 0 0
4 5 4 -8 0 4 0
4 5 4 -8 0 8 0
4 5 4 -8 0 12 0
4 5 4 -12 0 12 0
4 5 4 -16 0 12 0
4 5 4 -16 0 16 0
4 5 4 -16 0 20 0
4 5 4 -20 0 20 0
4 5 4 -24 0 20 0
4 5 4 -24 0 24 0
4 5 4 -24 0 28 0
4 5 4 -24 0 32 0
4 5 4 -20 0 32 0
4 5 4 -16 0 32 0
4 5 4 -12 0 32 0
4 5 4 -8 0 32 0
4 5 4 -8 0 36 0
4 5 4 -8 0 40 0
4 5 4 -4 0 40 0
4 5 4 0 0 40 0
4 5 4 4 0 40 0
4 5 4 8 0 40 0
4 5 4 12 0 40 0
4 5 4 16 0 40 0
4 5 4 16 0 32 0
4 5 4 16 0 36 0
4 5 4 20 0 36 0
4 5 4 24 0 36 0
4 5 4 24 0 32 0
4 5 4 28 0 36 0
4 5 4 28 0 32 0
4 5 4 32 0 36 0
4 5 4 36 0 36 0
4 5 4 40 0 36 0
4 5 4 44 0 36 0
4 5 4 48 0 36 0
4 5 4 48 0 32 0
4 5 4 48 0 28 0
4 5 4 48 0 24 0
4 5 4 48 0 20 0
4 5 4 44 0 20 0
4 5 4 40 0 20 0
4 5 4 36 0 20 0
4 5 4 32 0 20 0
4 5 4 28 0 20 0
4 5 4 28 0 24 0
4 5 4 24 0 24 0
4 5 4 20 0 24 0
4 5 4 16 0 24 0
4 5 4 12 0 24 0
4 5 4 12 0 20 0
4 5 4 12 0 16 0
4 5 4 12 0 12 0
4 5 4 8 0 12 0
4 5 4 8 0 8 0
4 5 4 8 0 4 0
4 5 4 8 0 0 0
4 5 4 4 0 0 0
4 5 4 0 0 0 0
4 5 4 -8 0 20 0
4 5 4 -8 0 24 0
4 5 4 0 0 20 0
4 5 4 0 0 24 0
4 5 4 4 0 20 0
4 5 4 4 0 24 0
4 5 4 0 0 32 0
4 5 4 4 0 32 0
4 5 4 8 0 32 0

4 4 4 -4 0 8 0
4 4 4 -4 0 16 0
4 4 4 4 0 12 0
4 4 4 4 0 16 0
4 4 4 -4 0 28 0
4 4 4 -16 0 28 0

4 40 -3 24
4 44 -3 24
4 40 -3 28
4 44 -3 28
4 40 -3 32
4 44 -3 32

20 -1 32 FORWARD
