4 5 4 0 0 0 0
4 5 4 -4 0 0 0
4 5 4 -8 0 0 0
4 5 4 -12 0 0 0
4 5 4 -16 0 0 0
4 5 4 -20 0 0 0
4 5 4 -24 0 0 0
4 5 4 -24 0 4 0
4 5 4 -24 0 8 0
4 5 4 -24 0 12 0
4 5 4 -24 0 16 0
4 5 4 -24 0 20 0
4 5 4 -24 0 24 0
4 5 4 -20 0 24 0
4 5 4 -16 0 24 0
4 5 4 -16 0 28 0
4 5 4 -16 0 32 0
4 5 4 -16 0 36 0
4 5 4 -12 0 36 0
4 5 4 -8 0 36 0
4 5 4 -4 0 36 0
4 5 4 0 0 36 0
4 5 4 4 0 36 0
4 5 4 8 0 36 0
4 5 4 12 0 36 0
4 5 4 16 0 36 0
4 5 4 20 0 36 0
4 5 4 24 0 36 0
4 5 4 28 0 36 0
4 5 4 28 0 32 0
4 5 4 28 0 28 0
4 5 4 28 0 24 0
4 5 4 28 0 20 0
4 5 4 28 0 16 0
4 5 4 28 0 14 0
4 5 4 28 0 12 0
4 5 4 28 0 8 0
4 5 4 28 0 4 0
4 5 4 24 0 4 0
4 5 4 20 0 4 0
4 5 4 20 0 0 0
4 5 4 16 0 0 0
4 5 4 12 0 0 0
4 5 4 8 0 0 0
4 5 4 4 0 0 0
4 5 4 0 0 0 0
4 5 4 -4 0 4 0
4 5 4 -4 0 8 0
4 5 4 -4 0 12 0
4 5 4 4 0 12 0
4 5 4 8 0 12 0
4 5 4 12 0 12 0
4 5 4 16 0 12 0
4 5 4 12 0 16 0
4 5 4 16 0 16 0
4 5 4 -16 0 24 0
4 5 4 -12 0 24 0
4 5 4 -8 0 24 0
4 5 4 -4 0 24 0
4 5 4 -4 0 20 0
4 5 4 4 0 20 0
4 5 4 4 0 24 0
4 5 4 8 0 24 0
4 5 4 4 0 32 0
4 5 4 24 0 20 0

4 4 4 0 -1.5 12 0
4 4 4 4 -1.5 8 0
4 4 4 16 -1.5 8 0
4 4 4 16 -1.5 20 0
4 4 4 12 -1.5 24 0
4 4 4 12 -1.5 28 0
4 4 4 20 -1.5 24 0
4 4 4 20 -1.5 28 0
4 4 4 4 -1.5 28 0
4 4 4 -8 -1.5 28 0

4 -20 -4 4
4 -20 -4 8
4 -20 -4 12
4 -20 -4 16
4 -20 -4 20
4 -16 -4 4
4 -16 -4 8
4 -16 -4 12
4 -16 -4 16
4 -16 -4 20



4 0 16 FORWARD
